0 0.14140625 0.50546875 0.06484375 0.1015625
0 0.19921875 0.50078125 0.0515625 0.0953125
0 0.3234375 0.49140625 0.12109375 0.103125
0 0.421875 0.4796875 0.04375 0.1296875
0 0.4515625 0.4671875 0.05625 0.2015625
0 0.49609375 0.46640625 0.0625 0.18984375
0 0.528125 0.4765625 0.03359375 0.1296875
0 0.59140625 0.46484375 0.1046875 0.1765625
0 0.61171875 0.5046875 0.0109375 0.01015625
0 0.6578125 0.5421875 0.06875 0.01484375
0 0.6921875 0.5015625 0.0234375 0.01328125
0 0.72734375 0.49921875 0.02265625 0.0046875
0 0.91953125 0.48515625 0.03359375 0.01640625