0 0.32578125 0.6671875 0.13046875 0.07265625
0 0.109375 0.4375 0.0765625 0.11953125
0 0.159375 0.44375 0.028125 0.05546875
0 0.16484375 0.40078125 0.0390625 0.08515625
0 0.2609375 0.50546875 0.071875 0.12734375
0 0.31640625 0.5484375 0.04609375 0.0515625
0 0.3171875 0.4125 0.0328125 0.0890625
0 0.3421875 0.40546875 0.0328125 0.09453125
0 0.37734375 0.4296875 0.0578125 0.1234375
0 0.45703125 0.4015625 0.0484375 0.12578125
0 0.49140625 0.3984375 0.04765625 0.1390625
0 0.52890625 0.47890625 0.040625 0.07890625
0 0.53359375 0.39375 0.04921875 0.121875
0 0.5484375 0.5546875 0.0484375 0.07578125
0 0.60078125 0.42578125 0.04375 0.1125
0 0.63203125 0.42265625 0.04765625 0.06015625
0 0.7296875 0.41640625 0.0890625 0.16640625
0 0.765625 0.421875 0.046875 0.0921875
0 0.7875 0.4734375 0.05390625 0.0953125
0 0.81640625 0.421875 0.046875 0.1
0 0.8375 0.53046875 0.0765625 0.1078125
0 0.89375 0.47421875 0.0640625 0.1125
0 0.934375 0.46875 0.03046875 0.0390625
0 0.9765625 0.50625 0.0296875 0.0140625