0 0.48125 0.79375 0.12421875 0.109375
0 0.06328125 0.85390625 0.12421875 0.11640625
0 0.1234375 0.8453125 0.1390625 0.11015625
0 0.1671875 0.965625 0.1484375 0.06640625
0 0.25 0.82578125 0.16796875 0.09375
0 0.26328125 0.95703125 0.128125 0.084375
0 0.346875 0.934375 0.08984375 0.08125
0 0.403125 0.91875 0.13046875 0.09375
0 0.3875 0.7421875 0.06796875 0.046875
0 0.41953125 0.80859375 0.1109375 0.07265625
0 0.475 0.6671875 0.0609375 0.0375
0 0.5453125 0.86796875 0.1140625 0.084375
0 0.60859375 0.86015625 0.09453125 0.1046875
0 0.7296875 0.5890625 0.05625 0.059375
0 0.79296875 0.60078125 0.05390625 0.03515625
0 0.84765625 0.59140625 0.0421875 0.04453125