0 0.096875 0.7703125 0.03046875 0.02265625
0 0.1265625 0.796875 0.0359375 0.034375
0 0.19453125 0.75078125 0.0328125 0.03125
0 0.3671875 0.85078125 0.059375 0.04765625
0 0.35546875 0.72578125 0.01953125 0.02421875
0 0.375 0.7546875 0.03203125 0.02734375
0 0.4171875 0.81953125 0.04375 0.04375
0 0.425 0.7703125 0.02578125 0.02265625
0 0.45859375 0.7171875 0.0328125 0.040625
0 0.46328125 0.78125 0.02578125 0.025
0 0.503125 0.7609375 0.028125 0.01875
0 0.53984375 0.72890625 0.0296875 0.0171875
0 0.5984375 0.7984375 0.0421875 0.0171875
0 0.62734375 0.75 0.04375 0.01796875
0 0.653125 0.77421875 0.02421875 0.01484375
0 0.72734375 0.7421875 0.0203125 0.0125
0 0.746875 0.6734375 0.04609375 0.025
0 0.78828125 0.74921875 0.021875 0.0125
0 0.8125 0.7859375 0.03828125 0.0234375
0 0.84375 0.72890625 0.0328125 0.01328125
0 0.88515625 0.7390625 0.07421875 0.04375
0 0.9609375 0.73359375 0.04609375 0.04375
0 0.96875 0.771875 0.06171875 0.040625