0 0.66015625 0.41640625 0.46015625 0.62578125
0 0.015625 0.0578125 0.03046875 0.0234375
0 0.02265625 0.10703125 0.0453125 0.0453125
0 0.04140625 0.19609375 0.0828125 0.11484375
0 0.05625 0.06484375 0.0359375 0.0171875
0 0.25859375 0.2421875 0.36875 0.484375
0 0.11796875 0.11484375 0.0671875 0.02890625
0 0.1109375 0.0546875 0.02890625 0.0140625
0 0.13671875 0.065625 0.03359375 0.0265625
0 0.18125 0.08359375 0.0546875 0.02890625
0 0.190625 0.05 0.021875 0.0234375
0 0.20390625 0.06484375 0.021875 0.02421875
0 0.2484375 0.08203125 0.04609375 0.03671875
0 0.31015625 0.1390625 0.078125 0.040625
0 0.3703125 0.0671875 0.0515625 0.0265625
0 0.37890625 0.0921875 0.0515625 0.034375
0 0.4296875 0.065625 0.05 0.040625
0 0.44609375 0.0953125 0.0453125 0.025
0 0.48046875 0.175 0.096875 0.05703125
0 0.5125 0.08203125 0.0515625 0.025
0 0.5390625 0.1765625 0.06953125 0.05
0 0.53671875 0.06796875 0.0328125 0.028125
0 0.5984375 0.115625 0.06640625 0.04609375
0 0.628125 0.19453125 0.0796875 0.04609375
0 0.6265625 0.06640625 0.028125 0.02421875
0 0.64921875 0.21640625 0.07109375 0.04609375
0 0.7171875 0.09375 0.05 0.02734375
0 0.7375 0.20703125 0.084375 0.09296875
0 0.71640625 0.06484375 0.0296875 0.03125
0 0.759375 0.075 0.0359375 0.034375
0 0.8078125 0.2203125 0.09609375 0.10078125
0 0.8046875 0.08828125 0.03984375 0.02734375
0 0.87734375 0.084375 0.1296875 0.16875
0 0.9453125 0.21796875 0.1078125 0.19375
0 0.94609375 0.084375 0.04765625 0.03125