0 0.77578125 0.89140625 0.12265625 0.1078125
0 0.0046875 0.5328125 0.009375 0.0328125
0 0.00546875 0.4234375 0.0109375 0.01171875
0 0.0171875 0.6703125 0.034375 0.0375
0 0.02109375 0.5640625 0.0421875 0.0328125
0 0.02109375 0.78984375 0.0421875 0.084375
0 0.0203125 0.40703125 0.0359375 0.0171875
0 0.0625 0.50703125 0.03203125 0.02890625
0 0.10703125 0.87578125 0.10546875 0.115625
0 0.06640625 0.4328125 0.021875 0.0171875
0 0.0875 0.4421875 0.0375 0.01171875
0 0.10234375 0.41953125 0.01796875 0.01015625
0 0.11328125 0.42265625 0.01953125 0.01328125
0 0.14765625 0.48984375 0.04375 0.02265625
0 0.178125 0.6453125 0.0515625 0.065625
0 0.17421875 0.55078125 0.04140625 0.028125
0 0.178125 0.50859375 0.0484375 0.0328125
0 0.16953125 0.43515625 0.0265625 0.0125
0 0.18515625 0.42578125 0.0171875 0.00703125
0 0.20234375 0.4421875 0.0171875 0.01171875
0 0.2359375 0.57890625 0.0421875 0.03984375
0 0.225 0.4203125 0.01796875 0.01484375
0 0.265625 0.4828125 0.03984375 0.015625
0 0.28359375 0.5359375 0.0734375 0.02890625
0 0.25703125 0.403125 0.00546875 0.01015625
0 0.26953125 0.440625 0.0296875 0.01953125
0 0.26875 0.40390625 0.01484375 0.0140625
0 0.284375 0.425 0.021875 0.01484375
0 0.2984375 0.43125 0.01796875 0.0140625
0 0.32265625 0.66875 0.06640625 0.07421875
0 0.32265625 0.4734375 0.0375 0.01640625
0 0.3203125 0.41171875 0.015625 0.0171875
0 0.35390625 0.584375 0.05703125 0.05
0 0.3609375 0.54453125 0.03984375 0.04140625
0 0.375 0.5203125 0.059375 0.02578125
0 0.36328125 0.4046875 0.02890625 0.015625
0 0.3875 0.43671875 0.021875 0.01953125
0 0.4109375 0.48359375 0.046875 0.02109375
0 0.4234375 0.4046875 0.03125 0.01953125
0 0.434375 0.56953125 0.046875 0.06015625
0 0.43046875 0.43125 0.0203125 0.0109375
0 0.459375 0.41953125 0.021875 0.01640625
0 0.46328125 0.4015625 0.01953125 0.01328125
0 0.49140625 0.49375 0.0578125 0.02109375
0 0.484375 0.53984375 0.04140625 0.015625
0 0.5296875 0.65859375 0.07421875 0.04296875
0 0.5203125 0.51171875 0.0515625 0.02578125
0 0.53515625 0.55234375 0.04609375 0.03515625
0 0.521875 0.428125 0.0171875 0.0171875
0 0.53671875 0.490625 0.02734375 0.0109375
0 0.5578125 0.53203125 0.04140625 0.02421875
0 0.55078125 0.4234375 0.0171875 0.01796875
0 0.55 0.4109375 0.0109375 0.0125
0 0.5734375 0.4203125 0.02578125 0.01796875
0 0.60078125 0.68515625 0.059375 0.0546875
0 0.59609375 0.52109375 0.0375 0.03671875
0 0.6046875 0.40859375 0.0109375 0.0171875
0 0.63828125 0.61328125 0.04609375 0.040625
0 0.640625 0.403125 0.01328125 0.01953125
0 0.66171875 0.64453125 0.0546875 0.0515625
0 0.65703125 0.409375 0.0171875 0.015625
0 0.6796875 0.40078125 0.0234375 0.01484375
0 0.6984375 0.41953125 0.0171875 0.01015625
0 0.70625 0.39296875 0.0140625 0.01328125
0 0.7453125 0.57890625 0.046875 0.03359375
0 0.73125 0.415625 0.01015625 0.0171875
0 0.7703125 0.6265625 0.07265625 0.0546875
0 0.79140625 0.41328125 0.02265625 0.01953125
0 0.85390625 0.7078125 0.11875 0.05859375
0 0.81875 0.3953125 0.01328125 0.01328125
0 0.8546875 0.4046875 0.02421875 0.01953125
0 0.91171875 0.4046875 0.0171875 0.01953125
0 0.9328125 0.65078125 0.046875 0.03515625
0 0.9578125 0.85234375 0.08359375 0.07890625
0 0.98671875 0.39921875 0.0078125 0.01484375