0 0.1296875 0.65 0.04375 0.096875
0 0.15703125 0.6328125 0.028125 0.1140625
0 0.3796875 0.6203125 0.0359375 0.16875
0 0.40625 0.64140625 0.0359375 0.084375
0 0.46875 0.6421875 0.0140625 0.0953125
0 0.496875 0.63984375 0.0203125 0.11640625
0 0.528125 0.74453125 0.0828125 0.034375
0 0.5375 0.63046875 0.05 0.1390625
0 0.63203125 0.63046875 0.0515625 0.17421875
0 0.64140625 0.63984375 0.0390625 0.103125
0 0.7171875 0.6328125 0.0328125 0.11796875
0 0.75 0.6390625 0.021875 0.0890625
0 0.78984375 0.6265625 0.03046875 0.16328125
0 0.8296875 0.62734375 0.028125 0.12734375