0 0.65703125 0.49296875 0.6859375 0.9484375
0 0.04453125 0.42578125 0.0234375 0.01484375
0 0.1015625 0.415625 0.02890625 0.03203125
0 0.1265625 0.41640625 0.01484375 0.01484375
0 0.14921875 0.41953125 0.0140625 0.0171875
0 0.20234375 0.4171875 0.0171875 0.0359375
0 0.234375 0.3984375 0.0265625 0.0359375
0 0.24609375 0.4171875 0.03984375 0.0390625
0 0.70234375 0.4015625 0.0171875 0.0265625
0 0.76328125 0.36015625 0.03125 0.09765625
0 0.79296875 0.36640625 0.0390625 0.084375
0 0.87109375 0.3765625 0.0671875 0.046875
0 0.9015625 0.384375 0.0484375 0.04140625
0 0.93515625 0.39609375 0.0453125 0.03359375
0 0.97578125 0.38828125 0.04609375 0.0640625