0 0.3109375 0.68046875 0.45390625 0.15859375
0 0.409375 0.76171875 0.0671875 0.0484375
0 0.47890625 0.65 0.0921875 0.31796875
0 0.53671875 0.68671875 0.059375 0.1203125
0 0.5640625 0.75859375 0.0484375 0.03125
0 0.5921875 0.73046875 0.0484375 0.0328125
0 0.6453125 0.63828125 0.1359375 0.325
0 0.6296875 0.68515625 0.0609375 0.1390625
0 0.69453125 0.69375 0.04609375 0.13671875
0 0.7515625 0.74609375 0.06484375 0.04921875
0 0.81953125 0.68515625 0.071875 0.17109375
0 0.884375 0.70078125 0.0703125 0.14765625
0 0.9734375 0.74375 0.0515625 0.04140625