0 0.10546875 0.6734375 0.18359375 0.08671875
0 0.2640625 0.6703125 0.09609375 0.09765625
0 0.44609375 0.68046875 0.0625 0.07734375
0 0.428125 0.54140625 0.01796875 0.0015625
0 0.51015625 0.53828125 0.0140625 0.00703125
0 0.578125 0.7203125 0.06484375 0.11875
0 0.5765625 0.5421875 0.015625 0.01015625
0 0.696875 0.5421875 0.01328125 0.0140625
0 0.74921875 0.68828125 0.04921875 0.0828125
0 0.8140625 0.6578125 0.17265625 0.059375
0 0.8671875 0.6140625 0.084375 0.04375
0 0.890625 0.5453125 0.0203125 0.003125
0 0.98046875 0.5890625 0.0375 0.01484375