0 0.1328125 0.7578125 0.171875 0.12890625
0 0.02265625 0.6609375 0.0453125 0.196875
0 0.06953125 0.7296875 0.04921875 0.03828125
0 0.21015625 0.728125 0.04921875 0.02109375
0 0.2609375 0.76171875 0.08515625 0.01484375
0 0.246875 0.73046875 0.01171875 0.01171875
0 0.303125 0.7421875 0.0640625 0.02734375
0 0.30625 0.715625 0.0328125 0.02578125
0 0.48984375 0.703125 0.27265625 0.08515625
0 0.3953125 0.75859375 0.03125 0.0296875
0 0.4 0.69609375 0.0390625 0.07734375
0 0.4546875 0.75703125 0.0796875 0.05
0 0.5390625 0.57578125 0.1671875 0.43515625
0 0.525 0.56796875 0.13671875 0.434375
0 0.68359375 0.75703125 0.12421875 0.07109375
0 0.759375 0.7609375 0.0953125 0.0859375
0 0.8296875 0.759375 0.12109375 0.07890625
0 0.91484375 0.76796875 0.1171875 0.0828125
0 0.97109375 0.7671875 0.05625 0.08046875