0 0.190625 0.76328125 0.075 0.08671875
0 0.009375 0.578125 0.01875 0.034375
0 0.1015625 0.653125 0.10625 0.04453125
0 0.08828125 0.54296875 0.01484375 0.0109375
0 0.1046875 0.5390625 0.0078125 0.0109375
0 0.12265625 0.53984375 0.01796875 0.00859375
0 0.175 0.615625 0.084375 0.059375
0 0.14375 0.56796875 0.00390625 0.00625
0 0.15 0.5390625 0.01328125 0.0109375
0 0.2328125 0.59609375 0.0609375 0.046875
0 0.38046875 0.64296875 0.0796875 0.0515625
0 0.38671875 0.57578125 0.04375 0.0578125
0 0.4234375 0.6546875 0.0703125 0.0703125
0 0.40625 0.55703125 0.02421875 0.0359375
0 0.49453125 0.62421875 0.0484375 0.05390625
0 0.528125 0.5484375 0.02421875 0.02265625
0 0.571875 0.5515625 0.0453125 0.025
0 0.59921875 0.5640625 0.01953125 0.0265625
0 0.609375 0.54921875 0.0203125 0.0296875
0 0.6328125 0.55234375 0.01796875 0.01875
0 0.65078125 0.55625 0.015625 0.01953125
0 0.68359375 0.55546875 0.04765625 0.0171875
0 0.72265625 0.5625 0.0203125 0.01953125
0 0.734375 0.53203125 0.01796875 0.06015625
0 0.7828125 0.559375 0.028125 0.0265625
0 0.81328125 0.56484375 0.0203125 0.028125
0 0.8375 0.55703125 0.0421875 0.03203125
0 0.87109375 0.5640625 0.0171875 0.021875
0 0.8921875 0.5609375 0.0171875 0.02421875
0 0.9140625 0.5609375 0.02421875 0.02421875
0 0.9203125 0.58671875 0.0359375 0.02734375
0 0.92265625 0.55546875 0.0125 0.01328125
0 0.95703125 0.5734375 0.04375 0.028125
0 0.97734375 0.56484375 0.04375 0.04296875