0 0.01875 0.9359375 0.0375 0.0625
0 0.1328125 0.8921875 0.23359375 0.14453125
0 0.1 0.746875 0.15625 0.0953125
0 0.0703125 0.9109375 0.0875 0.07890625
0 0.0765625 0.67734375 0.0796875 0.08515625
0 0.1125 0.6609375 0.0921875 0.0890625
0 0.14296875 0.609375 0.05703125 0.065625
0 0.17890625 0.54765625 0.1296875 0.096875
0 0.17578125 0.69765625 0.07578125 0.11328125
0 0.21953125 0.665625 0.1234375 0.0984375
0 0.234375 0.878125 0.14296875 0.12734375
0 0.309375 0.83515625 0.2828125 0.203125
0 0.25234375 0.628125 0.1203125 0.103125
0 0.23125 0.4984375 0.0578125 0.053125
0 0.31953125 0.39609375 0.20234375 0.1375
0 0.47109375 0.3171875 0.4984375 0.1859375
0 0.28046875 0.4953125 0.096875 0.06015625
0 0.3296875 0.56015625 0.1953125 0.14921875
0 0.57578125 0.82890625 0.6125 0.25
0 0.584375 0.22109375 0.49921875 0.30078125
0 0.58515625 0.51015625 0.4953125 0.20390625
0 0.90859375 0.13984375 0.18203125 0.27890625
0 0.9234375 0.38671875 0.15234375 0.3828125
0 0.9265625 0.73046875 0.14609375 0.3921875