0 0.69609375 0.28359375 0.46953125 0.28359375
0 0.01953125 0.38515625 0.0390625 0.03515625
0 0.071875 0.378125 0.059375 0.02734375
0 0.08359375 0.36953125 0.06171875 0.03046875
0 0.15 0.365625 0.0375 0.021875
0 0.18203125 0.37890625 0.0671875 0.05
0 0.2 0.36796875 0.0265625 0.03515625
0 0.24453125 0.3984375 0.03984375 0.02734375
0 0.2953125 0.39140625 0.0421875 0.01953125
0 0.34453125 0.36796875 0.0203125 0.02578125
0 0.36875 0.3796875 0.0296875 0.0390625
0 0.40625 0.390625 0.0515625 0.03828125
0 0.4515625 0.3890625 0.04921875 0.04140625
0 0.4640625 0.37890625 0.0390625 0.03046875
0 0.9296875 0.4078125 0.028125 0.02421875