0 0.87421875 0.8125 0.23125 0.146875
0 0.0125 0.69296875 0.02421875 0.31875
0 0.03671875 0.67109375 0.0375 0.30234375
0 0.06640625 0.75625 0.0625 0.16484375
0 0.109375 0.721875 0.0390625 0.19609375
0 0.14609375 0.75 0.05625 0.03359375
0 0.13984375 0.8125 0.0375 0.0109375
0 0.18125 0.69609375 0.0390625 0.1546875
0 0.21484375 0.76484375 0.05 0.0328125
0 0.2671875 0.66171875 0.1015625 0.2390625
0 0.28046875 0.76171875 0.090625 0.04375
0 0.321875 0.65625 0.0796875 0.25
0 0.35390625 0.66953125 0.084375 0.25
0 0.34140625 0.84453125 0.0375 0.01328125
0 0.41484375 0.68359375 0.090625 0.2359375
0 0.3953125 0.83125 0.0453125 0.04375
0 0.4640625 0.65 0.1546875 0.34375
0 0.5140625 0.6734375 0.1921875 0.3390625
0 0.71015625 0.81875 0.16953125 0.08984375
0 0.78359375 0.68828125 0.24765625 0.2359375
0 0.90703125 0.80234375 0.146875 0.053125
0 0.921875 0.4703125 0.1546875 0.7859375