0 0.08359375 0.69765625 0.1265625 0.05
0 0.1390625 0.74140625 0.14296875 0.0421875
0 0.2 0.7828125 0.1859375 0.07734375
0 0.1796875 0.64296875 0.11640625 0.04296875
0 0.15625 0.4421875 0.0234375 0.0734375
0 0.184375 0.58125 0.0734375 0.0234375
0 0.21015625 0.45234375 0.0453125 0.0671875
0 0.21484375 0.4234375 0.021875 0.08828125
0 0.24765625 0.5859375 0.06171875 0.0328125
0 0.2390625 0.48515625 0.025 0.015625
0 0.27890625 0.61328125 0.07578125 0.03671875
0 0.34609375 0.596875 0.06796875 0.03515625
0 0.3546875 0.5515625 0.075 0.0359375
0 0.50390625 0.64921875 0.10390625 0.04609375
0 0.6125 0.42421875 0.1046875 0.225