0 0.60390625 0.4015625 0.18515625 0.578125
0 0.02578125 0.33125 0.01953125 0.06171875
0 0.0328125 0.33125 0.03359375 0.0828125
0 0.07421875 0.32734375 0.02578125 0.06171875
0 0.14296875 0.33203125 0.0296875 0.0546875
0 0.16875 0.3328125 0.02421875 0.05078125
0 0.1734375 0.32734375 0.01015625 0.03515625
0 0.209375 0.328125 0.028125 0.06015625
0 0.25390625 0.32421875 0.02421875 0.05625
0 0.3109375 0.32265625 0.02734375 0.0578125
0 0.35234375 0.3234375 0.0234375 0.0546875
0 0.41328125 0.31796875 0.0125 0.0484375
0 0.45234375 0.3234375 0.025 0.0546875
0 0.46953125 0.315625 0.01953125 0.0578125
0 0.48671875 0.31875 0.021875 0.05859375
0 0.50625 0.31796875 0.0203125 0.05390625
0 0.5421875 0.3140625 0.015625 0.046875
0 0.55546875 0.31875 0.02421875 0.05078125
0 0.58359375 0.3140625 0.02578125 0.06171875
0 0.59453125 0.3140625 0.01640625 0.046875
0 0.653125 0.309375 0.03125 0.06171875
0 0.7109375 0.31015625 0.01640625 0.04140625
0 0.80703125 0.3046875 0.01953125 0.0578125
0 0.82890625 0.30546875 0.01875 0.0453125
0 0.86171875 0.30390625 0.015625 0.0484375
0 0.88359375 0.30546875 0.01796875 0.04296875
0 0.96015625 0.29921875 0.0234375 0.05078125