0 0.5640625 0.784375 0.1125 0.11328125
0 0.10859375 0.61484375 0.1359375 0.06015625
0 0.10546875 0.5296875 0.12265625 0.03046875
0 0.10546875 0.5796875 0.1078125 0.0375
0 0.14375 0.6515625 0.1671875 0.07734375
0 0.13984375 0.55703125 0.1421875 0.059375
0 0.1265625 0.51640625 0.0921875 0.03984375
0 0.1421875 0.49921875 0.1171875 0.053125
0 0.14296875 0.6015625 0.10234375 0.084375
0 0.1578125 0.4671875 0.103125 0.03515625
0 0.16875 0.48203125 0.1171875 0.02890625
0 0.16953125 0.44140625 0.10546875 0.0515625
0 0.18515625 0.4453125 0.059375 0.02734375
0 0.2 0.43828125 0.0890625 0.0484375
0 0.228125 0.41640625 0.04921875 0.0296875
0 0.2328125 0.3484375 0.0546875 0.13046875
0 0.228125 0.43125 0.0265625 0.04453125
0 0.259375 0.34765625 0.02734375 0.17734375
0 0.3390625 0.75078125 0.14765625 0.11796875
0 0.28828125 0.3453125 0.0359375 0.1515625
0 0.296875 0.3515625 0.03984375 0.1609375
0 0.30703125 0.3453125 0.03671875 0.12421875
0 0.46875 0.7640625 0.1875 0.06953125
0 0.534375 0.5125 0.103125 0.04140625
0 0.5671875 0.5296875 0.1125 0.03046875
0 0.6125 0.5453125 0.075 0.03828125
0 0.65078125 0.55078125 0.06875 0.0171875
0 0.66484375 0.56171875 0.06640625 0.02421875
0 0.71875 0.5890625 0.1265625 0.046875
0 0.7828125 0.575 0.12109375 0.11796875
0 0.828125 0.646875 0.1078125 0.0515625
0 0.8765625 0.65546875 0.09921875 0.04296875
0 0.90625 0.67265625 0.1015625 0.0484375
0 0.9390625 0.690625 0.1046875 0.05703125