0 0.0265625 0.53046875 0.053125 0.0359375
0 0.03515625 0.446875 0.0703125 0.159375
0 0.08046875 0.521875 0.05625 0.03125
0 0.20546875 0.5140625 0.01640625 0.015625
0 0.3578125 0.51796875 0.06875 0.0390625
0 0.44765625 0.49140625 0.021875 0.05234375
0 0.553125 0.47734375 0.084375 0.20234375
0 0.54609375 0.47421875 0.0421875 0.11796875
0 0.578125 0.45625 0.078125 0.09921875
0 0.68671875 0.478125 0.0203125 0.0953125
0 0.7015625 0.50078125 0.02421875 0.0546875
0 0.740625 0.48515625 0.02421875 0.0953125
0 0.82109375 0.48203125 0.06640625 0.09375