0 0.32265625 0.3140625 0.09765625 0.26328125
0 0.628125 0.61015625 0.6265625 0.778125
0 0.440625 0.31484375 0.0515625 0.0921875
0 0.475 0.30703125 0.078125 0.14609375
0 0.534375 0.2609375 0.046875 0.22578125
0 0.60078125 0.246875 0.05859375 0.2609375
0 0.6453125 0.2375 0.0515625 0.26171875
0 0.6921875 0.246875 0.04765625 0.2421875
0 0.75703125 0.23828125 0.0640625 0.25625
0 0.80078125 0.26953125 0.0484375 0.2078125
0 0.8375 0.30859375 0.04609375 0.06171875
0 0.853125 0.26796875 0.0609375 0.2046875
0 0.89765625 0.328125 0.0796875 0.0984375
0 0.9734375 0.34296875 0.0515625 0.05859375