0 0.36484375 0.73828125 0.1609375 0.12421875
0 0.0421875 0.3640625 0.046875 0.04921875
0 0.071875 0.3359375 0.03828125 0.07578125
0 0.1 0.3375 0.0484375 0.06484375
0 0.24375 0.66484375 0.14375 0.15546875
0 0.24140625 0.36796875 0.05078125 0.04453125
0 0.28203125 0.3375 0.1328125 0.109375
0 0.2640625 0.34453125 0.04609375 0.0734375
0 0.28125 0.38359375 0.0484375 0.1265625
0 0.31484375 0.328125 0.07109375 0.0859375
0 0.3984375 0.42734375 0.084375 0.15859375
0 0.390625 0.5265625 0.028125 0.0078125
0 0.4328125 0.6921875 0.06640625 0.0296875
0 0.45078125 0.359375 0.025 0.00703125
0 0.50546875 0.340625 0.06953125 0.071875
0 0.53125 0.5875 0.053125 0.015625
0 0.6203125 0.578125 0.125 0.0296875
0 0.6390625 0.68359375 0.13515625 0.2
0 0.60546875 0.371875 0.06328125 0.0515625
0 0.6375 0.3984375 0.07109375 0.13515625
0 0.68671875 0.5921875 0.084375 0.01875
0 0.69140625 0.5921875 0.0609375 0.0109375
0 0.73046875 0.53125 0.05859375 0.034375
0 0.82109375 0.71328125 0.16328125 0.1703125
0 0.79609375 0.3390625 0.0515625 0.07890625