0 0.14296875 0.50703125 0.1453125 0.0875
0 0.05859375 0.534375 0.1171875 0.053125
0 0.2640625 0.4953125 0.10078125 0.07890625
0 0.3390625 0.48203125 0.12265625 0.0640625
0 0.428125 0.48125 0.1140625 0.07578125
0 0.69375 0.6125 0.56953125 0.103125
0 0.52734375 0.4625 0.1234375 0.06484375
0 0.584375 0.46171875 0.07265625 0.06953125
0 0.6359375 0.453125 0.090625 0.0578125
0 0.73671875 0.4390625 0.075 0.03984375
0 0.940625 0.453125 0.1171875 0.07734375
0 0.94375 0.48359375 0.103125 0.0546875
0 0.9484375 0.5171875 0.1015625 0.14140625